31
39
12
37
25
44
16
28
18
18
24
28
20
13
21
49
10
16
32
43
30
48
36
41
47
24
21
33
47
11
47
23
19
23
49
44
19
40
11
34
45
26
20
37
44
28
41
12
30
33
18
48
21
33
46
20
29
16
18
23
31
38
45
22
21
47
14
30
14
28
26
32
43
49
32
30
18
32
22
37
35
23
17
11
33
38
48
28
10
36
42
16
41
26
48
48
27
48
21
33
25
47
12
40
13
39
34
22
31
34
45
30
17
41
37
13
33
46
41
25
38
26
44
38
14
24
25
45
31
17
44
30
44
34
10
40
49
43
43
47
42
10
46
22
48
15
13
12
37
49
43
28
10
26
26
48
37
15
48
38
32
11
20
46
23
36
37
26
26
38
35
40
19
31
49
44
33
35
26
10
38
33
36
19
21
21
34
14
15
40
29
25
30
21
12
23
19
22
19
45
29
23
49
33
43
25
30
34
43
18
21
46
19
43
21
15
23
35
45
31
35
18
16
47
10
16
14
19
47
39
28
33
20
39
39
49
41
41
45
15
23
31
35
47
20
42
29
41
32
43
19
29
25
30
16
17
43
12
24
33
20
25
18
46
38
38
27
10
45
39
13
11
35
23
31
31
33
11
38
39
25
14
43
31
41
27
22
21
10
40
27
49
32
25
43
20
44
11
22
43
24
26
31
14
25
45
48
13
43
33
46
10
33
19
23
45
12
27
42
44
45
29
31
26
29
49
17
35
36
46
16
13
48
19
43
16
49
47
37
41
41
10
30
19
17
35
37
32
25
11
36
47
30
34
28
14
19
41
18
11
41
40
49
22
48
10
49
25
25
13
23
27
44
14
46
41
31
37
38
38
40
21
44
37
29
48
18
44
32
32
23
12
24
49
32
39
45
13
40
25
27
40
22
35
19
38
22
19
29
18
42
48
34
25
41
29
24
46
16
12
22
15
47
38
19
24
39
24
41
39
42
48
23
40
26
17
46
10
14
19
11
18
25
22
46
30
20
41
33
37
15
14
29
30
44
33
17
38
36
18
35
46
13
39
35
36
35
45
45
49
45
40
23
36
19
33
36
21
14
16
24
29
23
19
35
20
36
38
42
10
24
19
12
11
10
28
33
13
24
39
33
36
20
26
43
49
47
23
13
14
29
26
27
21
16
49
42
25
40
43
15
29
35
28
34
29
49
24
48
18
34
39
33
42
35
25
47
40
46
10
48
48
25
39
36
37
10
49
33
38
32
34
31
39
12
38
31
13
33
12
33
36
33
13
14
36
34
21
33
18
24
32
21
35
36
31
10
31
44
35
41
27
28
17
10
47
37
24
19
18
36
14
19
19
37
42
46
26
17
46
43
30
45
43
20
40
36
26
14
24
23
16
17
31
19
10
48
14
20
33
28
29
16
24
38
38
22
20
27
35
31
44
20
37
13
42
38
15
42
32
39
27
11
14
17
11
23
43
26
19
42
35
36
37
46
17
34
13
35
13
45
47
45
47
37
38
15
36
26
31
14
41
37
45
48
31
34
39
14
46
32
15
31
13
43
19
46
16
40
10
22
35
34
16
11
23
13
10
20
19
17
41
40
37
32
33
22
33
10
26
49
26
48
17
26
39
23
39
16
39
47
34
45
32
12
19
33
37
36
17
36
14
10
28
32
21
49
37
21
14
43
36
40
39
28
10
13
24
42
48
35
21
40
32
25
27
35
27
39
23
35
42
23
21
21
33
21
47
39
49
36
37
45
30
10
45
19
49
22
34
36
31
24
42
33
41
49
11
21
46
37
22
32
46
45
32
26
48
48
21
26
31
44
29
31
24
25
12
14
23
22
44
35
43
48
38
20
24
15
26
28
28
42
19
30
36
29
23
42
24
49
45
27
20
21
48
49
17
27
12
11
36
13
39
41
13
49
17
25
43
33
31
31
38
47
12
34
37
25
10
12
34
32
17
33
11
15
29
11
42
33
21
44
47
43
49
13
28
11
11
23
18
40
18
15
19
44
35
38
17
47
33
40
37
37
15
12
17
33
44
46
10
43
15
41
49
31
19
24
33
32
28
29
38
20
11
11
29
33
23
25
30
24
45
47
49
15
33
29
33
29
45
17
34
41
34
17
25
43
29
25
36
30
21
30
47
13
42
43
41
37
48
43
47
12
28
48
16
16
30
27
41
33
16
44
33
42
30
20
16
45
32
24
12
38
12
39
12
35
15
15
49
26
21
37
10
34
31
19
24
46
46
14
41
22
29
40
24
23
20
26
37
14
34
29
26
40
10
34
46
45
26
24
13
46
16
30
48
27
23
33
41
18
41
47
42
36
21
35
15
49
34
36
17
38
36
17
37
28
40
31
28
28
11
13
13
10
16
22
24
40
10
33
28
27
30
21
12
18
14
48
37
29
18
32
20
28
47
43
30
10
28
36
31
41
11
14
23
46
13
38
19
39
34
19
49
19
23
32
46
10
33
12
11
22
42
17
37
26
42
19
28
41
16
27
31
49
32
20
22
10
23
29
16
16
37
31
15
24
44
48
25
34
31
49
32
19
28
28
20
46
44
10
40
27
10
19
19
47
44
30
24
45
30
11
40
37
37
30
30
27
19
38
12
35
46
46
37
11
22
43
19
41
23
47
33
46
28
13
27
18
45
44
38
32
10
16
19
28
49
39
32
12
21
17
40
21
32
12
49
31
26
21
39
19
10
34
48
11
45
23
25
49
21
47
23
11
12
21
48
23
33
27
18
19
10
26
12
16
27
26
29
31
47
43
19
43
29
28
45
49
36
11
18
29
26
46
43
38
18
17
47
12
45
17
47
48
34
39
17
19
49
16
25
11
13
28
29
27
40
20
47
26
35
25
25
14
22
25
20
49
21
13
41
12
13
41
45
42
22
11
23
24
16
14
12
43
36
24
21
33
27
26
39
12
49
40
43
28
32
17
40
35
38
32
30
38
41
19
28
42
44
35
45
13
34
37
38
14
35
15
20
30
30
23
36
32
14
40
11
30
15
45
47
46
27
26
29
20
17
48
13
24
38
25
28
43
22
20
25
45
12
18
42
10
25
34
47
30
26
41
15
30
37
29
10
24
22
27
23
36
21
47
48
12
42
28
35
25
20
19
10
16
15
48
30
21
44
35
39
38
13
36
15
42
49
18
41
10
22
28
12
15
29
32
28
14
26
12
27
33
28
27
28
23
18
42
16
46
31
42
13
47
16
32
28
35
27
18
27
12
34
44
43
37
49
36
42
13
37
42
11
33
22
35
45
42
38
14
18
31
26
32
25
11
41
29
38
16
43
48
32
29
20
36
36
46
17
42
41
27
26
45
36
11
18
35
45
16
11
46
18
38
14
12
34
48
49
12
44
19
49
41
34
23
27
26
16
18
30
26
26
22
11
45
30
21
24
28
45
19
42
10
48
20
25
47
48
47
24
27
47
10
13
23
22
16
39
16
15
40
38
21
44
31
15
18
32
15
16
37
45
33
33
16
13
17
29
15
13
32
15
29
38
47
48
25
39
49
32
29
16
41
27
34
16
29
22
21
26
35
27
22
36
11
49
10
40
36
24
46
46
18
20
39
18
40
32
15
19
42
22
18
20
21
27
17
22
34
32
13
14
24
39
40
18
33
19
16
26
15
44
44
22
47
41
27
43
14
30
18
18
18
41
38
34
44
32
18
37
44
45
19
41
21
37
49
49
42
14
32
19
16
39
31
27
37
44
48
16
24
11
41
13
11
33
17
27
30
41
22
46
44
13
46
14
35
30
20
38
39
25
28
42
40
19
41
37
45
47
23
49
40
21
36
12
11
30
28
31
18
21
36
24
10
25
22
42
42
48
38
28
33
30
35
48
47
23
18
37
47
17
14
48
44
46
36
14
11
48
46
29
41
46
13
20
46
47
27
24
26
13
33
33
46
28
38
36
20
19
16
11
11
34
48
26
13
36
40
44
35
15
31
38
11
19
16
33
32
40
46
22
34
44
36
37
14
11
20
47
49
15
37
30
24
49
34
10
43
49
40
21
19
44
15
41
32
28
37
24
23
45
30
36
43
44
23
17
27
10
29
17
44
35
33
31
48
40
38
29
14
44
13
34
34
13
47
46
16
49
44
49
12
20
28
36
13
23
19
29
35
19
17
41
46
47
10
37
33
22
43
14
21
13
46
26
42
12
38
47
42
26
46
27
15
39
30
43
16
28
31
48
24
13
33
31
31
11
18
17
20
43
25
27
10
36
35
46
49
15
29
18
48
15
42
46
40
36
22
27
36
11
12
19
48
33
12
12
39
15
24
10
32
40
49
20
11
32
12
46
24
48
18
47
16
24
48
35
47
13
28
28
33
36
48
29
20
21
19
32
37
27
21
17
39
35
10
10
33
11
42
33
38
46
32
15
11
30
25
42
27
40
46
14
46
47
37
39
11
18
20
10
35
23
16
38
47
21
20
21
44
29
36
23
37
40
28
10
32
31
20
26
30
31
38
48
28
28
34
41
39
48
25
11
15
12
49
32
42
14
